cam0:
  T_cam_imu:
  - [0.014812565746287143, 0.9996292252769601, -0.02284731643318029, 0.06844362307746632]
  - [-0.9998902727580699, 0.014804717596282158, -0.0005126213890548435, -0.016411436272014943]
  - [-0.0001741832543751612, 0.02285240269819088, 0.9997388345718672, -0.00177910770073948]
  - [0.0, 0.0, 0.0, 1.0]
  cam_overlaps: []
  camera_model: pinhole
  distortion_coeffs: [-0.013265467347139227, 0.04781490714242732, -0.05791146831829123,
    0.025703719990923378]
  distortion_model: equidistant
  intrinsics: [462.0526302281885, 460.76273239076335, 367.36790613008156, 249.98955657157393]
  resolution: [752, 480]
  rostopic: /cam0/image_raw
  timeshift_cam_imu: 1.750268023560827e-05
