cam0:
  T_cam_imu:
  - [0.0035726484837122485, -0.002539944973208694, 0.9999903923850193, 0.022456306475484626]
  - [-0.0035577482428870936, -0.9999904777113149, -0.0025272344839499215, -0.0038929493696192845]
  - [0.9999872892243442, -0.003548685140964709, -0.003581650948687398, -0.036083837064249204]
  - [0.0, 0.0, 0.0, 1.0]
  cam_overlaps: []
  camera_model: pinhole
  distortion_coeffs: [0.00724234711283763, 0.034886170986066924, -0.023451860903234357,
    0.008058878937190395]
  distortion_model: equidistant
  intrinsics: [307.67418013079794, 307.88941192897033, 361.3015151769857, 279.6969130033426]
  resolution: [720, 540]
  rostopic: /blackfly/image_raw
  timeshift_cam_imu: 0.0002529542691947281
