cam0:
  T_cam_imu:
  - [0.0012357124860580277, -0.002726422205034806, 0.9999955198082697, 0.023251437510743034]
  - [-0.0030663849890709416, -0.9999915922700837, -0.0027226223096651694, -0.002778552317050041]
  - [0.9999945351339428, -0.0030630068726953986, -0.0012440623566446478, -0.03651076130256446]
  - [0.0, 0.0, 0.0, 1.0]
  cam_overlaps: []
  camera_model: pinhole
  distortion_coeffs: [0.027862784385873397, -0.007995187204749149, 0.013176416291364505,
    -0.0029001371414023426]
  distortion_model: equidistant
  intrinsics: [305.94701243402363, 305.9255016888083, 358.1988446527053, 280.09937901975894]
  resolution: [720, 540]
  rostopic: /blackfly/image_raw
  timeshift_cam_imu: 0.00020885189242952584
