cam0:
  T_cam_imu:
  - [-0.003842774719880916, -0.005882736224459068, 0.9999753129437573, 0.018809441610529214]
  - [-0.003644502657263577, -0.9999759727080592, -0.005896745454202941, -0.0065513837224319095]
  - [0.9999859752430696, -0.003667072549582486, 0.003821242740608809, -0.030969962362963267]
  - [0.0, 0.0, 0.0, 1.0]
  cam_overlaps: []
  camera_model: pinhole
  distortion_coeffs: [0.022686521839611323, 0.0035957892235648835, 0.004473372648469369,
    -0.00011915689410269171]
  distortion_model: equidistant
  intrinsics: [305.0071852594656, 304.9990337382335, 358.6141807078531, 279.8744845100453]
  resolution: [720, 540]
  rostopic: /blackfly/image_raw
  timeshift_cam_imu: -0.0002461323706023885
