cam0:
  cam_overlaps: []
  camera_model: pinhole
  distortion_coeffs: [-0.24208853007962278, 0.04539787558529268, 0.0030803594552978545,
    -0.0019249885483570558]
  distortion_model: radtan
  intrinsics: [325.5261445671717, 323.9391993993954, 378.3014545321842, 262.5579328463471]
  resolution: [720, 540]
  rostopic: /blackfly/image_raw
