cam0:
  T_cam_imu:
  - [-0.004414321613605265, -0.005806217608305837, 0.9999734004471209, 0.03686827862014441]
  - [0.010819087969571957, -0.9999248925532105, -0.005758175749162523, 0.013642138909013042]
  - [0.9999317282195818, 0.010793381747004933, 0.004476808044254277, 0.059941200966864415]
  - [0.0, 0.0, 0.0, 1.0]
  cam_overlaps: []
  camera_model: pinhole
  distortion_coeffs: [0.024692628780321853, 0.006954772245689177, 0.0001350267061274049,
    0.0016039473873433027]
  distortion_model: equidistant
  intrinsics: [303.77309865427696, 304.0950973658568, 356.53432960587475, 284.22026216934006]
  resolution: [720, 540]
  rostopic: /blackfly/image_raw
  timeshift_cam_imu: -0.016937641078230425
