cam0:
  cam_overlaps: []
  camera_model: pinhole
  distortion_coeffs: [0.022932170450147206, 0.01157341287445734, -0.0026752611615553645,
    0.0019656105898174076]
  distortion_model: equidistant
  intrinsics: [301.17674362970973, 301.7512738307034, 357.0900288443588, 284.35946094040196]
  resolution: [720, 540]
  rostopic: /blackfly/image_raw
