cam0:
  T_cam_imu:
  - [0.0043475634331044295, -0.0052515625058624105, 0.999976759621663, 0.02267561022411128]
  - [0.0036334971685556515, -0.9999795260237697, -0.005267374260691455, -0.0011172760272334578]
  - [0.9999839480664278, 0.0036563129684310273, -0.004328392883698417, -0.04451597065289559]
  - [0.0, 0.0, 0.0, 1.0]
  cam_overlaps: []
  camera_model: pinhole
  distortion_coeffs: [0.02190185970514509, 0.014125839861669735, -0.004452450671361683,
    0.002361684127816967]
  distortion_model: equidistant
  intrinsics: [301.0362881371328, 301.74593277116776, 357.11118688370635, 284.6365744012512]
  resolution: [720, 540]
  rostopic: /blackfly/image_raw
  timeshift_cam_imu: 0.0039464102099579425
