cam0:
  T_cam_imu:
  - [-0.003000791781860312, -0.0052558437901892305, 0.9999816855096563, 0.02218949171618722]
  - [-0.00309401220221893, -0.9999813525908156, -0.005265126696820907, -0.008321950950525861]
  - [0.9999907111254446, -0.0031097550858846055, 0.002984474180048314, -0.034396433325477885]
  - [0.0, 0.0, 0.0, 1.0]
  cam_overlaps: []
  camera_model: pinhole
  distortion_model: equidistant
  distortion_coeffs: [0.02412803828081601, 0.00038973037641540435, 0.005484431467327144,-0.00043717843426692394]
  intrinsics: [306.2289138632509, 306.23142661593863, 358.1670383963926, 279.7492693707437]
  resolution: [720, 540]
  rostopic: /blackfly/image_raw
  timeshift_cam_imu: -0.00025963125189613125
